0 5 7 5 0 5 0 0 0 0 6 7 5 7 0 0 0 0 0 0 0 0 3 5 7 6 5 5 6 0 6 6 5 6 5 0 0 6 6 5 7 6 0 -10 0 0 0 0 0 5 5 5 5 5 6 5 0 0 0 0 0 5 5 5 6 0 2 6 6 7 6 -2 0 0 2 5 6 6 7 -2 0 0 0 0 2 7 6 6 0 0 0 2 6 6 5 5 5 5 5 5
6 6 6 5 7 0 -10 0 0 0 8 8 4 0 6 5 5 -2 10 9 3 5 5 6 5 5 7 5 5 0 5 7 5 5 5 5 5 6 6 6 7 6 6 -3 -10 10 9 9 3 6 5 6 5 7 7 6 5 -3 9 9 3 6 5 5 5 -3 3 5 5 7 5 -2 0 0 2 5 6 5 7 -3 9 -10 0 0 0 4 5 6 6 5 -3 3 6 6 7 5 5 5 6 5
7 5 6 7 5 5 -3 -10 0 10 9 9 3 6 7 5 5 -3 3 5 6 6 5 6 6 6 6 5 6 0 5 6 6 5 5 6 5 6 6 7 6 5 6 6 -3 3 5 6 -4 4 5 5 7 6 5 6 5 7 6 5 6 6 5 5 6 0 6 6 5 6 0 -3 9 9 3 0 5 6 5 7 7 -3 -10 0 0 2 6 5 5 5 5 6 0 5 6 6 5 6 7 6
5 6 6 6 6 6 5 -3 9 3 6 5 6 5 5 5 5 0 5 5 5 5 6 5 5 6 6 6 6 0 6 7 5 6 5 5 7 6 5 5 6 5 5 5 5 0 5 5 -2 2 5 6 5 5 6 7 6 5 5 5 5 5 5 6 5 5 6 5 5 6 6 6 5 6 5 5 7 5 7 6 6 5 -3 9 9 3 6 5 5 6 7 6 5 5 6 7 6 5 6 5
6 6 6 5 7 6 6 5 0 7 7 7 6 5 5 5 5 7 5 6 7 5 5 5 6 7 6 6 5 0 5 5 5 6 7 5 5 5 5 5 0 6 7 5 7 6 5 5 -2 0 4 6 5 5 5 7 5 7 6 7 7 7 5 5 5 6 5 6 5 5 5 6 5 5 5 7 7 5 5 6 6 7 5 5 5 6 5 5 5 5 6 5 5 6 5 5 5 6 5 6
5 6 5 5 6 6 7 6 6 5 6 5 5 5 6 5 5 7 7 6 6 5 5 6 6 5 5 6 5 6 6 6 5 0 5 6 5 7 5 6 5 6 6 6 5 6 6 6 -3 -10 0 4 6 5 5 7 5 6 5 6 6 5 5 5 5 -4 4 5 6 5 6 5 5 5 7 7 5 6 6 6 6 6 7 5 5 7 6 7 6 0 6 6 5 6 6 5 5 5 6 5
5 5 5 6 5 6 6 5 5 0 7 5 7 5 5 6 5 5 5 0 7 6 5 5 6 6 7 6 0 6 0 5 5 5 6 6 5 7 5 0 5 6 5 5 5 5 5 6 5 -3 -10 2 5 5 5 6 5 6 5 5 5 7 5 5 0 9 3 7 5 5 6 5 6 5 5 5 5 5 5 5 5 6 6 5 7 6 5 6 6 6 7 5 5 5 5 5 6 5 5 5
6 6 5 6 6 6 6 6 -4 0 8 4 6 5 5 7 5 5 6 5 7 6 6 7 6 5 5 5 5 6 6 5 6 5 0 5 5 5 6 5 6 5 5 7 5 6 6 5 5 5 -2 2 5 5 5 5 6 6 5 6 7 5 7 6 5 0 5 5 7 5 6 7 6 5 6 5 5 5 6 7 6 5 5 6 5 6 5 5 6 5 5 7 -4 8 4 5 6 5 5 5
5 5 6 5 6 5 6 5 -2 0 0 0 4 0 0 6 5 5 6 7 5 7 5 6 5 6 6 6 6 5 6 6 5 6 0 6 6 6 7 5 6 5 5 5 6 6 7 5 5 5 -3 3 0 6 5 6 6 0 6 5 5 5 5 6 5 5 6 5 7 6 6 5 5 6 5 5 5 5 5 6 5 6 5 6 6 6 6 6 5 5 7 6 -3 9 3 6 6 5 6 5
6 0 6 5 6 5 5 6 -3 9 -10 0 2 5 6 6 6 5 5 6 -4 4 6 5 6 7 6 7 5 5 6 5 5 5 5 6 -4 8 4 6 6 5 6 5 5 6 5 6 5 0 6 5 5 6 0 0 5 5 6 6 6 5 6 5 5 5 5 5 5 5 5 7 6 5 5 5 5 5 6 6 5 5 5 5 5 6 6 5 5 6 5 6 7 6 7 5 6 7 5 7
6 5 6 5 6 5 6 6 0 7 -3 9 3 7 5 5 5 5 6 5 -3 3 5 5 6 6 5 5 6 5 5 5 5 5 6 5 -3 9 3 5 6 7 5 5 5 5 5 -4 4 6 5 6 5 6 5 5 5 7 6 5 6 5 6 6 6 5 5 5 5 5 6 5 5 5 5 5 5 6 5 5 5 7 6 5 6 5 5 7 7 5 5 7 6 6 7 5 6 6 6 6
6 6 5 6 6 5 6 6 7 6 7 0 5 5 6 6 5 6 6 6 5 5 5 5 5 6 6 5 6 7 5 5 5 5 6 5 0 5 6 7 5 6 5 6 5 7 -4 0 2 5 6 5 5 5 5 5 6 6 5 6 6 6 5 7 6 7 5 6 5 6 7 6 5 6 6 5 5 5 5 6 6 5 6 5 5 5 7 5 5 5 5 5 5 5 7 6 5 5 5 6
6 5 5 6 -4 8 8 4 6 6 5 6 6 5 6 6 7 5 5 7 6 5 6 5 7 6 5 6 5 6 5 5 6 5 6 7 0 6 7 6 5 6 5 5 6 5 -3 -10 0 4 6 5 5 5 6 6 6 6 -4 4 5 6 5 5 6 -4 4 5 5 5 6 7 6 5 5 6 5 5 7 6 5 5 5 -4 4 6 5 6 6 5 6 5 5 5 7 6 5 5 7 5
5 7 6 5 -3 9 9 3 6 6 5 6 5 5 5 6 6 5 6 5 5 5 6 5 5 5 5 5 5 5 6 5 5 5 5 6 0 5 7 5 5 5 6 7 5 6 6 -3 9 3 5 6 5 5 6 0 6 5 -3 3 5 5 6 6 5 -3 3 6 5 6 6 0 0 7 5 5 6 6 6 5 5 6 6 -3 3 6 5 5 7 6 7 5 6 6 5 5 6 5 5 5
7 6 6 5 6 5 5 5 7 6 5 5 5 6 7 5 6 5 0 6 6 0 5 5 5 5 5 6 6 7 5 5 6 5 5 5 0 7 6 5 6 5 7 5 6 5 5 6 5 6 6 5 6 5 6 5 0 5 7 6 5 5 5 5 6 5 0 5 5 6 5 5 5 6 6 5 5 5 6 5 6 6 5 6 0 7 5 5 5 5 5 5 5 5 7 5 6 6 0 5
5 6 6 5 5 6 5 6 7 6 5 5 5 5 6 6 5 0 6 6 0 5 5 7 6 7 6 5 5 5 6 6 6 5 6 6 6 6 7 6 6 7 5 7 5 6 6 5 5 5 5 6 6 5 5 7 6 6 6 6 6 5 5 5 5 5 0 6 5 6 5 6 6 7 5 5 5 5 5 7 5 5 6 5 -4 4 5 7 5 5 6 5 5 6 6 5 6 5 7 6
5 6 5 6 6 6 5 7 5 6 7 6 7 6 6 6 0 5 7 6 0 5 6 6 6 5 5 6 5 6 6 5 5 6 5 6 5 5 5 7 6 6 6 5 5 5 5 5 0 6 6 5 5 6 5 5 6 0 6 6 5 5 5 7 5 0 3 5 5 6 6 5 6 7 5 5 5 5 7 6 6 5 6 6 -3 3 6 5 6 5 5 6 7 7 5 7 5 5 7 6
6 6 5 6 5 6 5 5 5 5 5 6 6 5 6 0 5 6 6 5 7 5 6 5 7 6 5 5 5 6 5 7 5 7 5 6 6 6 6 6 5 6 7 6 5 5 6 5 5 6 0 0 5 6 6 5 5 7 6 5 5 5 5 7 6 6 0 5 5 5 5 6 5 6 5 5 5 5 6 5 5 5 5 6 7 5 5 7 5 5 6 6 7 6 5 7 5 5 5 6
6 5 5 6 6 7 5 6 5 6 5 6 5 6 5 0 6 5 6 0 6 5 5 5 5 5 6 0 0 5 5 5 6 6 6 5 6 5 6 5 5 5 5 5 6 5 5 5 5 6 6 6 5 6 6 6 6 6 5 5 6 5 6 5 6 5 5 6 6 6 0 7 5 5 6 5 5 5 6 5 -4 4 6 6 6 6 5 5 6 5 7 7 5 5 6 5 5 5 6 6
6 5 5 6 6 5 5 5 5 5 5 5 5 6 5 5 6 5 5 5 0 5 7 6 6 5 5 6 7 5 6 6 6 5 6 5 5 7 5 0 5 6 5 6 5 5 6 5 5 5 5 6 0 7 6 6 6 6 5 6 7 5 5 7 5 5 5 5 6 5 5 5 5 6 5 5 5 5 5 -4 0 2 6 5 5 5 6 6 7 5 6 6 0 5 5 6 6 6 5 6
0 0 0 0 0 7 5 7 5 6 5 6 5 6 6 5 5 0 6 -4 4 5 6 7 5 5 5 7 5 0 5 7 6 5 5 5 5 5 6 5 7 6 6 5 5 5 5 7 5 6 6 6 0 5 6 6 6 6 5 5 6 7 5 6 7 6 5 6 5 5 5 6 6 5 5 -4 8 8 8 0 0 2 6 6 6 6 6 5 5 6 5 6 6 6 7 5 5 5 5 5
5 5 6 5 5 6 6 5 5 6 5 5 5 6 6 6 5 5 5 -2 0 4 6 6 0 5 5 5 6 5 6 6 6 6 6 6 6 5 5 5 5 5 6 6 6 5 5 6 5 6 5 7 5 6 5 5 6 5 5 5 6 5 5 6 6 5 5 5 6 5 7 6 6 7 -4 0 0 0 0 0 10 3 6 7 6 6 5 5 5 5 6 0 6 7 5 6 5 6 5 5
6 5 5 7 5 7 6 5 6 6 5 6 6 6 5 5 6 6 0 -10 0 2 5 5 5 7 5 5 5 5 5 5 6 6 5 5 6 6 5 7 6 6 6 5 6 6 5 5 5 5 6 5 5 0 5 6 5 6 7 5 5 5 6 5 7 6 5 5 5 6 5 6 5 -4 0 0 0 0 0 10 3 7 5 6 5 5 7 6 7 5 5 5 5 7 7 5 6 5 5 5
6 6 6 6 5 6 6 6 6 5 6 6 5 -4 4 6 5 5 5 -2 0 2 6 7 6 7 5 6 5 5 6 7 6 7 7 5 7 6 5 5 0 7 6 5 5 5 6 5 5 6 5 6 5 6 5 5 7 6 5 5 5 6 0 6 5 6 5 5 5 5 5 0 7 -3 -10 0 0 0 0 2 6 5 6 7 5 6 5 -4 4 5 0 5 6 7 6 6 6 6 5 5
5 5 5 7 6 5 5 5 6 5 5 5 5 -3 3 -4 4 5 5 -2 0 2 6 7 5 6 5 6 7 6 6 6 5 7 5 5 6 6 5 0 -10 8 4 5 5 5 5 7 5 5 6 7 5 5 5 5 6 6 6 6 5 5 0 5 6 6 5 6 5 5 5 5 6 5 -2 0 0 0 10 3 7 5 6 6 6 6 -4 0 0 4 6 6 6 5 7 6 5 6 6 5
7 6 6 6 5 5 5 5 5 5 6 5 6 5 5 -3 -10 8 4 -3 9 3 -4 8 8 4 5 5 5 5 7 5 7 5 6 6 5 6 5 6 -3 -10 0 4 0 0 6 6 5 5 6 5 0 5 6 6 5 6 7 5 6 5 -4 4 6 6 5 7 5 5 6 5 5 6 -3 -10 0 0 2 6 5 6 6 7 5 5 -3 9 9 3 6 5 6 5 5 7 5 5 5 6
5 5 6 5 6 5 5 6 6 6 5 5 5 6 5 6 -3 9 3 6 6 5 -3 9 -10 0 4 6 5 5 5 5 5 5 6 5 5 5 6 6 6 -3 9 3 5 5 6 5 6 6 6 6 5 6 6 5 5 5 5 7 5 5 -3 3 5 6 6 5 6 6 6 6 5 5 5 -2 10 9 3 6 5 6 5 5 6 6 6 7 6 6 0 5 5 6 5 7 6 5 0 -4
8 4 5 6 5 6 6 5 6 6 7 5 5 5 5 7 5 5 6 5 5 5 5 6 -3 -10 2 5 7 5 6 5 5 6 6 5 6 5 6 6 6 6 5 5 5 6 6 5 7 -4 8 4 6 6 6 5 5 6 5 0 6 5 5 5 5 7 6 6 5 5 5 6 5 6 6 -3 3 6 5 6 6 6 5 6 6 6 5 7 5 6 5 5 5 6 5 5 5 5 5 -3
-10 0 8 4 6 5 5 6 6 5 6 7 6 5 6 5 6 5 5 6 7 7 5 6 5 -3 3 5 5 6 6 6 6 5 6 5 5 6 5 5 6 6 5 6 6 5 5 5 6 -3 -10 2 6 6 7 5 5 6 7 6 -4 4 5 5 6 6 5 5 7 6 6 6 5 6 7 5 0 5 5 6 0 6 5 7 6 6 6 5 6 6 6 5 6 6 5 5 5 5 5 6
-2 0 0 0 4 5 6 5 6 6 7 5 5 7 5 6 5 6 5 6 6 6 6 5 5 5 0 6 5 5 6 6 5 6 6 6 6 7 5 6 5 5 5 5 6 5 6 5 6 6 -3 -10 8 8 4 5 6 6 5 5 -3 3 6 5 6 6 6 6 5 0 5 6 5 7 5 -4 0 8 8 8 4 6 6 5 6 6 6 6 5 5 7 5 6 0 5 5 6 0 5 5
-3 -10 0 10 3 -4 4 5 5 7 6 6 5 6 5 6 6 6 5 5 6 6 0 6 6 6 0 5 7 6 5 5 5 5 7 6 6 5 6 6 5 5 5 5 5 6 5 6 6 6 6 -3 -10 0 10 0 6 6 6 0 6 5 6 6 6 6 5 6 7 6 0 6 5 5 5 -2 0 0 0 10 3 5 6 6 6 6 7 7 5 5 5 0 8 6 5 6 6 5 5 6
5 -3 9 3 6 -3 -10 4 5 7 5 6 6 6 0 6 7 5 6 6 6 5 0 6 5 6 -4 4 5 5 5 6 6 6 0 5 6 7 6 5 5 -4 4 5 6 6 5 6 6 5 5 6 -2 0 2 7 6 5 6 5 7 5 0 6 7 7 7 5 6 0 5 5 6 5 5 -3 -10 0 10 3 5 6 5 6 6 5 6 7 6 5 5 6 0 5 5 6 5 6 5 5
5 7 5 6 0 7 -3 3 6 5 6 6 5 0 5 6 7 5 7 6 6 6 6 6 6 5 -2 2 5 7 6 5 5 6 6 5 5 -4 8 8 8 0 0 8 4 5 5 6 5 5 6 5 -2 10 3 6 5 0 5 6 6 7 5 5 5 5 -4 4 5 5 5 5 6 6 5 5 -3 9 3 5 6 6 5 5 6 5 6 7 7 5 6 5 5 6 5 5 -4 4 7 6
7 6 5 0 6 0 7 -4 4 6 5 5 5 6 7 6 5 0 5 6 5 6 0 6 6 6 -2 2 7 5 6 5 -4 4 5 6 7 -3 9 9 9 -10 0 0 0 4 5 5 5 6 6 5 -3 3 5 5 5 6 5 5 6 5 6 5 6 7 -3 3 0 5 5 5 5 5 6 5 5 5 7 5 6 5 5 5 6 5 7 5 5 6 6 5 6 5 -4 8 0 0 4 5
6 7 0 6 5 5 6 -3 3 5 6 6 6 6 5 5 6 5 5 6 5 5 6 6 6 6 -3 3 5 6 5 -4 0 2 5 5 5 6 5 5 5 -3 -10 0 0 2 5 5 5 5 7 6 0 5 5 7 6 5 6 6 7 5 6 6 6 7 5 6 6 6 5 5 5 6 5 5 5 5 6 7 5 5 6 5 5 6 6 5 6 6 7 5 5 5 -3 9 9 9 3 5
6 5 6 6 5 6 5 5 5 5 6 6 5 6 6 6 5 5 5 6 6 5 6 7 5 6 5 0 5 5 6 -3 -10 2 5 6 5 5 6 5 6 6 -2 10 9 9 0 7 6 6 6 6 6 6 5 6 5 6 6 6 6 5 6 6 6 5 5 6 6 5 5 6 5 6 5 6 5 6 7 6 5 5 5 5 5 7 5 6 6 5 7 6 6 0 6 6 7 6 5 0
5 6 6 5 7 6 6 7 7 6 5 6 6 5 5 5 -4 8 8 8 4 6 6 5 5 6 5 6 6 6 5 5 -3 3 7 6 5 6 6 6 5 5 -3 3 6 0 5 5 5 7 5 6 5 6 5 5 5 5 5 5 5 6 5 6 0 6 6 6 5 6 0 5 6 6 6 5 5 5 5 5 -4 4 6 6 5 7 6 5 5 6 6 5 6 6 7 6 5 5 5 0
5 5 5 5 5 5 6 6 6 6 5 5 5 7 5 -4 0 0 0 10 3 6 6 6 5 6 5 6 6 6 5 5 0 5 5 5 6 6 7 5 6 5 5 5 6 7 6 5 5 5 6 5 5 5 5 6 6 6 6 5 6 6 5 6 0 7 7 6 5 5 5 6 5 7 5 6 5 5 -4 8 10 3 5 7 6 5 6 6 5 5 6 6 6 6 6 5 5 6 7 5
0 6 7 5 5 7 6 6 7 6 5 6 6 6 5 -3 9 -10 0 2 7 6 6 5 5 6 7 6 6 5 5 7 0 6 5 5 5 6 5 6 5 6 5 6 6 6 0 7 6 6 7 5 5 6 0 5 6 6 7 6 5 5 6 6 6 6 6 5 5 5 6 5 7 6 7 0 6 6 -3 -10 2 6 7 5 6 6 6 5 5 7 5 5 5 6 6 7 5 5 6 5
6 6 5 5 6 5 6 5 7 6 0 6 6 5 5 5 5 -3 9 3 6 6 7 5 5 7 6 5 5 5 5 6 5 5 6 6 7 6 5 6 6 5 7 6 5 6 5 6 5 5 7 5 6 5 6 6 6 5 5 5 6 5 5 6 6 7 5 5 6 7 5 6 6 5 0 6 5 5 6 -3 3 6 6 6 5 5 6 5 6 7 6 7 5 -4 4 6 6 6 5 7
5 0 5 6 5 6 5 6 5 5 7 5 0 6 5 7 6 5 5 0 5 6 6 6 6 5 5 6 5 5 5 6 6 5 7 5 6 6 5 6 6 6 5 5 5 5 5 5 5 5 7 6 6 5 5 5 6 6 5 5 6 6 5 6 5 6 6 6 5 5 6 5 5 -4 4 5 6 6 5 0 6 7 5 7 6 6 5 5 7 6 5 6 5 -3 3 5 5 7 6 5
5 6 6 6 5 5 6 5 5 7 5 6 0 6 6 5 6 5 7 0 5 5 5 6 5 5 5 7 6 5 6 5 5 6 6 6 5 5 5 5 5 5 5 6 5 5 6 6 5 5 6 5 6 0 6 5 6 6 7 5 6 6 7 7 5 6 5 6 6 6 6 5 7 -2 2 7 5 5 0 5 5 5 6 5 5 6 6 5 6 5 5 5 7 6 6 5 6 7 5 6
6 6 5 6 5 5 6 6 7 5 6 7 0 5 6 6 5 5 5 0 7 5 5 5 5 6 5 5 5 6 5 6 6 5 0 0 5 5 5 5 6 5 5 5 5 0 0 5 5 5 6 5 6 6 5 5 5 5 5 5 5 6 6 5 7 6 6 6 5 5 5 7 -4 0 0 4 5 6 6 5 5 6 5 5 5 5 5 5 6 5 5 6 5 6 6 7 6 6 7 5
5 6 5 6 5 7 6 7 5 6 6 6 5 5 5 5 5 5 0 3 5 6 6 6 6 7 6 5 6 5 6 5 5 5 5 5 7 5 5 5 5 6 6 6 0 5 7 6 5 5 6 6 6 5 5 6 6 5 7 5 0 5 6 6 6 6 5 7 5 5 6 5 -3 9 9 -10 8 4 5 5 7 5 6 0 6 5 6 5 6 6 5 0 5 5 6 5 0 5 5 6
5 6 5 5 5 6 6 7 5 5 5 6 6 5 5 5 6 5 5 6 -4 8 4 5 5 5 5 5 6 6 5 5 0 6 6 5 5 -4 8 8 8 8 4 0 6 5 6 5 5 5 6 5 5 5 6 5 5 6 6 6 5 5 5 5 5 5 6 -4 4 5 7 6 5 5 6 -2 0 2 5 5 5 0 0 7 5 5 7 6 6 0 6 7 5 0 6 0 6 5 5 6
6 6 5 5 5 6 6 5 5 5 6 5 6 5 6 7 6 5 6 5 -2 0 2 6 6 5 7 6 6 5 5 5 7 5 6 6 7 -3 -10 0 0 10 3 6 5 7 7 0 0 0 5 6 0 6 6 6 6 6 5 6 6 6 5 7 5 6 6 -3 3 5 5 6 5 5 5 -2 10 3 5 6 7 5 6 5 6 6 7 6 5 5 6 7 5 5 5 5 5 6 6 5
5 6 6 5 0 5 6 5 6 6 5 5 6 6 0 6 6 7 5 5 -2 0 0 4 5 5 6 5 5 6 5 5 6 7 6 5 6 6 -3 -10 10 3 5 6 5 6 5 5 6 5 0 7 5 5 6 6 6 5 6 5 5 6 7 6 5 5 5 0 5 5 6 5 5 7 5 -3 3 6 5 5 6 6 6 5 5 6 5 6 5 6 5 7 6 6 5 5 6 6 5 5
-4 8 4 0 6 5 5 6 6 5 5 6 5 6 5 0 6 7 5 5 -2 0 0 2 5 5 5 6 7 0 7 5 6 0 6 6 5 5 7 -3 3 5 5 5 6 6 5 7 6 6 5 5 6 5 -4 4 6 7 6 6 7 6 6 5 5 6 6 5 5 6 7 5 6 5 6 5 6 6 5 6 5 5 6 6 6 5 6 5 5 5 7 5 7 -4 8 4 5 6 5 6
-3 -10 2 5 5 6 5 5 5 6 6 6 5 5 6 0 5 5 5 -4 10 9 9 3 6 5 5 5 5 5 7 5 5 0 5 6 6 5 5 6 6 5 7 6 6 5 6 5 5 5 7 6 5 -4 0 2 5 5 6 6 6 5 5 5 5 5 6 6 5 6 7 5 6 7 5 6 5 7 6 6 5 7 7 5 6 7 0 5 5 5 5 -4 8 0 0 2 5 7 5 6
5 -3 3 6 6 6 5 5 7 5 6 5 5 7 5 -4 8 8 8 10 3 5 6 0 6 5 5 6 5 7 6 6 6 0 5 6 5 5 6 5 6 6 7 6 6 6 5 5 7 7 6 5 5 -2 10 3 5 5 6 6 5 6 5 5 5 6 0 0 5 6 6 0 6 6 6 6 7 5 5 5 6 6 5 6 5 5 5 5 0 6 5 -3 -10 0 0 2 6 6 7 5
5 0 6 5 5 5 5 6 6 5 6 5 6 5 5 -3 9 9 -10 2 5 5 5 5 5 6 6 6 5 6 5 5 6 6 -4 8 8 4 5 5 6 6 6 5 5 0 6 5 0 5 6 7 5 -2 2 5 6 6 5 5 5 6 5 5 5 0 5 6 6 0 -4 0 4 5 6 5 6 5 6 6 6 5 6 7 7 6 5 6 5 6 6 5 -3 -10 10 3 5 5 6 6
5 0 5 5 6 6 6 6 6 6 6 5 5 5 5 6 5 5 -3 3 5 5 5 5 5 6 5 5 6 5 6 6 6 5 -2 0 0 2 5 5 5 5 5 6 7 6 5 6 5 0 7 5 5 -3 3 5 5 5 6 7 6 6 5 6 0 6 6 5 5 6 -3 9 -10 4 5 6 6 6 5 6 6 6 7 6 5 7 6 5 6 6 5 6 6 -3 3 5 5 5 5 6
5 0 5 5 5 -4 4 5 5 5 -4 4 5 7 6 6 5 6 5 -4 4 5 5 6 0 7 5 5 6 6 6 5 6 6 -2 0 0 0 4 6 6 5 5 6 6 6 6 6 5 6 5 -4 8 4 6 6 6 6 5 5 7 6 6 5 5 6 6 5 5 5 5 5 -3 3 0 0 6 5 6 6 5 6 5 5 5 5 6 7 0 5 6 6 6 5 6 7 5 6 5 5
7 5 6 5 5 -3 -10 8 8 8 0 0 4 5 6 6 5 6 6 -3 -10 4 6 5 6 6 5 5 7 5 7 7 5 6 -2 0 0 0 2 5 0 5 6 6 5 5 6 5 5 5 7 -2 0 2 5 5 5 6 5 5 5 5 6 5 5 6 7 7 7 5 7 6 5 6 5 7 5 6 6 0 6 6 5 6 7 6 6 6 7 5 6 5 5 6 5 5 7 6 5 5
5 6 5 5 0 6 -3 -10 10 9 9 9 3 6 7 6 5 5 5 7 -3 -10 4 5 7 6 5 7 0 6 7 6 5 6 -3 9 9 9 -10 4 6 5 6 5 5 6 5 7 7 5 6 -2 10 3 6 6 6 5 6 6 7 6 5 6 6 7 5 5 5 5 5 5 5 5 5 5 6 5 6 6 6 6 5 5 6 6 6 6 6 5 6 0 5 5 6 7 6 6 5 5
5 5 5 6 5 7 6 -3 3 5 6 6 6 5 6 6 5 5 6 6 6 -2 2 6 6 5 6 5 7 0 6 6 5 0 6 6 5 5 -2 0 4 7 6 5 7 5 6 6 5 6 6 -3 3 5 6 5 5 5 5 6 6 5 5 6 5 6 6 7 5 5 -4 4 6 5 6 6 6 5 6 5 5 0 -4 4 5 6 6 5 7 6 0 5 5 5 7 5 5 5 6 5
6 6 5 7 5 5 6 6 6 6 5 5 5 5 5 0 6 6 5 5 6 -3 -10 4 6 5 5 0 5 5 5 7 5 5 5 6 7 6 -3 -10 10 0 6 6 6 6 5 6 6 6 5 6 5 5 5 6 6 6 5 5 5 6 5 6 5 6 7 5 -4 8 0 0 4 5 5 5 6 6 5 6 6 6 -2 2 5 6 5 6 6 6 6 6 5 6 0 0 5 5 5 5
6 5 6 0 5 5 5 6 6 5 7 6 7 6 5 5 6 5 6 6 5 6 -3 -10 4 5 5 5 5 5 6 6 6 5 6 7 6 5 6 -3 3 6 0 6 5 5 6 5 6 5 6 7 6 5 7 5 6 5 6 6 7 6 5 5 5 6 5 -4 0 0 0 0 2 5 5 7 5 0 6 5 6 6 -3 3 5 6 6 6 5 7 6 6 5 6 6 5 6 5 6 6
7 6 7 0 5 5 5 5 5 6 5 7 5 6 5 5 5 5 5 5 6 0 6 -2 0 4 7 6 5 5 5 5 5 5 5 7 6 5 6 7 6 5 6 6 6 5 5 5 5 6 6 6 7 6 5 5 6 5 6 6 6 5 6 7 5 6 6 -2 0 0 0 0 0 4 6 6 -4 4 5 6 6 6 5 0 5 6 5 5 5 5 5 6 5 5 6 5 5 5 6 6
5 6 -4 4 5 6 5 5 6 5 6 5 7 6 5 5 5 5 6 5 6 6 -4 0 0 0 4 6 6 7 5 5 6 5 6 5 7 6 5 5 5 6 7 -4 8 8 8 4 6 5 6 5 5 -4 4 6 5 6 6 6 5 5 7 7 6 5 -4 0 0 0 0 0 0 0 8 8 0 0 8 8 8 8 8 0 4 6 5 7 6 5 5 0 6 6 5 6 6 6 5 5
